1,18
2,20
3,25
4,40
5,50
6,18
7,22
8,28
9,40
10,50
11,18
12,20
13,25
14,38
15,50
16,19
17,21
18,25
19,38
20,50
21,42
22,28
23,55
24,21
25,81
26,23
27,35
28,47
29,98
30,68
31,27
32,19
33,23
34,25
35,31
36,34
37,20
38,32
39,38
40,45
41,57
42,25
43,42
44,61
45,48
46,29
47,35
48,40
49,31
50,37
51,23
52,70
53,21
54,29
55,37
56,43
57,51
58,19
59,24
60,33
61,42
62,59
63,32
64,37
65,41
66,50
67,55
68,37
69,40
70,46
71,57
72,63
73,52
74,27
75,35
76,26
77,59
78,23
79,51
80,38
81,48
82,67
83,33
84,37
85,52
86,29
87,23
88,70
89,25
90,65
91,30
92,35
93,27
94,40
95,37
96,40
97,27
98,55
99,60
100,45
101,20
102,18
103,35
104,35
105,35
106,18
107,18
108,22
109,22
110,25
111,18
112,18
113,22
114,22
115,25
116,40
117,50
118,30
119,35
120,25
121,40
122,50
123,30
124,35
125,25