1,20
2,10
3,5
4,5
5,5
6,10
7,10
8,15
9,20
10,5
11,50
12,50
13,50
14,150
15,50
16,50
17,150
18,150
19,100
20,50
21,90
22,10
23,30
24,10
25,20
26,80
27,7
28,5
29,10
30,2
31,6
32,5
33,5
34,10
35,10
36,1
37,10
38,5
39,3
40,10
41,70
42,16
43,19
44,49
45,30
46,31
47,21
48,9
49,6
50,9
51,21
52,9
53,40
54,10
55,35
56,10
57,40
58,5
59,40
60,100
61,30
62,50
63,400
64,100
65,50
66,300
67,100
68,300
69,500
70,200
71,100
72,50
73,50
74,500
75,150
76,200
77,100
78,250
79,50
80,300
81,100
82,400
83,500
84,200
85,100
86,100
87,2
88,2
89,5
90,5
91,10
92,500
93,50
94,50
95,200
96,30
97,15
98,50
99,5
100,20
101,20
102,10
103,20
104,10
105,10
106,15
107,10
108,20
109,10
110,10
111,10
112,10
113,20
114,10
115,10
116,50
117,100
118,50
119,20
120,30
121,60
122,90
123,70
124,20
125,20