1,2
2,2
3,4
4,7
5,4
6,5
7,3
8,4
9,2
10,4
11,8
12,10
13,5
14,10
15,15
16,7
17,3
18,10
19,10
20,10
21,2
22,10
23,10
24,1
25,4
26,10
27,10
28,3
29,15
30,7
31,10
32,2
33,1
34,4
35,2
36,10
37,2
38,4
39,1
40,7
41,6
42,3
43,9
44,8
45,2
46,10
47,19
48,9
49,2
50,5
51,9
52,4
53,5
54,2
55,3
56,2
57,3
58,1
59,5
60,2
61,3
62,4
63,20
64,80
65,50
66,30
67,60
68,50
69,20
70,50
71,50
72,50
73,20
74,10
75,18
76,20
77,20
78,10
79,20
80,10
81,20
82,15
83,12
84,50
85,5
86,30
87,2
88,10
89,2
90,2
91,10
92,20
93,50
94,50
95,40
96,2
97,2
98,3
99,10
100,20
101,10
102,7
103,10
104,10
105,10
106,1
107,5
108,5
109,5
110,5
111,2
112,5
113,5
114,5
115,5
116,5
117,10
118,5
119,10
120,7
121,5
122,10
123,5
124,4
125,7