1,1
2,2
3,0
4,2
5,25
6,1
7,4
8,5
9,15
10,0
11,1
12,2
13,5
14,15
16,2
17,3
18,2
19,15
20,2
21,7
22,3
23,0
24,1
25,0
26,1
27,5
28,8
29,0
30,0
31,4
32,1
33,3
34,0
35,9
36,12
37,2
38,14
39,0
40,1
41,35
42,3
43,7
44,0
45,11
46,5
47,13
48,1
49,6
50,9
51,2
52,0
53,3
54,7
55,13
56,0
57,11
58,1
59,2
60,0
61,20
62,37
63,2
64,1
65,18
66,27
67,30
68,1
69,10
70,18
71,30
72,25
73,11
74,2
75,7
76,13
77,3
78,1
79,9
80,5
81,6
82,0
83,6
84,25
85,0
86,1
87,5
88,0
89,5
90,5
91,7
92,7
93,1
94,12
95,2
96,5
97,5
98,25
99,0
100,10
101,2
102,1
103,13
104,2
105,2
106,1
107,1
108,5
109,2
110,5
111,1
112,1
113,5
114,2
115,5
116,20
117,20
118,3
119,13
120,2
121,20
122,20
123,10
124,13
125,1